""	"1"	"2"	"3"	"4"	"5"	"6"	"7"	"8"	"9"	"10"	"11"	"12"	"13"	"14"	"15"	"16"	"17"	"18"	"19"	"20"	"21"	"22"	"23"	"24"	"25"	"26"	"27"	"28"	"29"	"30"
"Mean"	977	977	977	977	977	977	977	977	977	977	977	977	977	977	977	977	977	977	977	977	977	977	977	977	977	977	977	977	977	977
"Median"	977	977	977	977	977	977	977	977	977	977	977	977	977	977	977	977	977	977	977	977	977	977	977	977	977	977	977	977	977	977
"Mode"	977	977	977	977	977	977	977	977	977	977	977	977	977	977	977	977	977	977	977	977	977	977	977	977	977	977	977	977	977	977
"Geo_mean"	20582.8761032558	20582.8761032558	20582.8761032558	20582.8761032558	20582.8761032558	20582.8761032558	20582.8761032558	20582.8761032558	20582.8761032558	20582.8761032558	20582.8761032558	20582.8761032558	20582.8761032558	20582.8761032558	20582.8761032558	20582.8761032558	20582.8761032558	20582.8761032558	20582.8761032558	20582.8761032558	20582.8761032558	20582.8761032558	20582.8761032558	20582.8761032558	20582.8761032558	20582.8761032558	20582.8761032558	20582.8761032558	20582.8761032558	20582.8761032558
"Geo_mean2"	20582.8761032558	20582.8761032558	20582.8761032558	20582.8761032558	20582.8761032558	20582.8761032558	20582.8761032558	20582.8761032558	20582.8761032558	20582.8761032558	20582.8761032558	20582.8761032558	20582.8761032558	20582.8761032558	20582.8761032558	20582.8761032558	20582.8761032558	20582.8761032558	20582.8761032558	20582.8761032558	20582.8761032558	20582.8761032558	20582.8761032558	20582.8761032558	20582.8761032558	20582.8761032558	20582.8761032558	20582.8761032558	20582.8761032558	20582.8761032558
"Geo_mean3"	977	977	977	977	977	977	977	977	977	977	977	977	977	977	977	977	977	977	977	977	977	977	977	977	977	977	977	977	977	977
"Har_mean"	977	977	977	977	977	977	977	977	977	977	977	977	977	977	977	977	977	977	977	977	977	977	977	977	977	977	977	977	977	977
"Trim_mean_5"	977	977	977	977	977	977	977	977	977	977	977	977	977	977	977	977	977	977	977	977	977	977	977	977	977	977	977	977	977	977
"Trim_mean_10"	977	977	977	977	977	977	977	977	977	977	977	977	977	977	977	977	977	977	977	977	977	977	977	977	977	977	977	977	977	977
"Trim_mean_20"	977	977	977	977	977	977	977	977	977	977	977	977	977	977	977	977	977	977	977	977	977	977	977	977	977	977	977	977	977	977
"IQ_mean"	977	977	977	977	977	977	977	977	977	977	977	977	977	977	977	977	977	977	977	977	977	977	977	977	977	977	977	977	977	977
"Tri_mean"	977	977	977	977	977	977	977	977	977	977	977	977	977	977	977	977	977	977	977	977	977	977	977	977	977	977	977	977	977	977
"Mn_AD_mn"	0	0	0	0	0	0	0	0	0	0	0	0	0	0	0	0	0	0	0	0	0	0	0	0	0	0	0	0	0	0
"Mn_AD_md"	0	0	0	0	0	0	0	0	0	0	0	0	0	0	0	0	0	0	0	0	0	0	0	0	0	0	0	0	0	0
"Md_AD_mn"	0	0	0	0	0	0	0	0	0	0	0	0	0	0	0	0	0	0	0	0	0	0	0	0	0	0	0	0	0	0
"Md_AD_md"	0	0	0	0	0	0	0	0	0	0	0	0	0	0	0	0	0	0	0	0	0	0	0	0	0	0	0	0	0	0
"MAD"	0	0	0	0	0	0	0	0	0	0	0	0	0	0	0	0	0	0	0	0	0	0	0	0	0	0	0	0	0	0
"Max_AD_mn"	0	0	0	0	0	0	0	0	0	0	0	0	0	0	0	0	0	0	0	0	0	0	0	0	0	0	0	0	0	0
"Max_AD_md"	0	0	0	0	0	0	0	0	0	0	0	0	0	0	0	0	0	0	0	0	0	0	0	0	0	0	0	0	0	0
"RMS"	977	977	977	977	977	977	977	977	977	977	977	977	977	977	977	977	977	977	977	977	977	977	977	977	977	977	977	977	977	977
"Min"	977	977	977	977	977	977	977	977	977	977	977	977	977	977	977	977	977	977	977	977	977	977	977	977	977	977	977	977	977	977
"Max"	977	977	977	977	977	977	977	977	977	977	977	977	977	977	977	977	977	977	977	977	977	977	977	977	977	977	977	977	977	977
"Quartiles.25%"	977	977	977	977	977	977	977	977	977	977	977	977	977	977	977	977	977	977	977	977	977	977	977	977	977	977	977	977	977	977
"Quartiles.75%"	977	977	977	977	977	977	977	977	977	977	977	977	977	977	977	977	977	977	977	977	977	977	977	977	977	977	977	977	977	977
"IQR"	0	0	0	0	0	0	0	0	0	0	0	0	0	0	0	0	0	0	0	0	0	0	0	0	0	0	0	0	0	0
"Low_notch"	977	977	977	977	977	977	977	977	977	977	977	977	977	977	977	977	977	977	977	977	977	977	977	977	977	977	977	977	977	977
"High_notch"	977	977	977	977	977	977	977	977	977	977	977	977	977	977	977	977	977	977	977	977	977	977	977	977	977	977	977	977	977	977
"Range"	0	0	0	0	0	0	0	0	0	0	0	0	0	0	0	0	0	0	0	0	0	0	0	0	0	0	0	0	0	0
"Deciles.10%"	977	977	977	977	977	977	977	977	977	977	977	977	977	977	977	977	977	977	977	977	977	977	977	977	977	977	977	977	977	977
"Deciles.20%"	977	977	977	977	977	977	977	977	977	977	977	977	977	977	977	977	977	977	977	977	977	977	977	977	977	977	977	977	977	977
"Deciles.30%"	977	977	977	977	977	977	977	977	977	977	977	977	977	977	977	977	977	977	977	977	977	977	977	977	977	977	977	977	977	977
"Deciles.40%"	977	977	977	977	977	977	977	977	977	977	977	977	977	977	977	977	977	977	977	977	977	977	977	977	977	977	977	977	977	977
"Deciles.50%"	977	977	977	977	977	977	977	977	977	977	977	977	977	977	977	977	977	977	977	977	977	977	977	977	977	977	977	977	977	977
"Deciles.60%"	977	977	977	977	977	977	977	977	977	977	977	977	977	977	977	977	977	977	977	977	977	977	977	977	977	977	977	977	977	977
"Deciles.70%"	977	977	977	977	977	977	977	977	977	977	977	977	977	977	977	977	977	977	977	977	977	977	977	977	977	977	977	977	977	977
"Deciles.80%"	977	977	977	977	977	977	977	977	977	977	977	977	977	977	977	977	977	977	977	977	977	977	977	977	977	977	977	977	977	977
"Deciles.90%"	977	977	977	977	977	977	977	977	977	977	977	977	977	977	977	977	977	977	977	977	977	977	977	977	977	977	977	977	977	977
"Variance"	0	0	0	0	0	0	0	0	0	0	0	0	0	0	0	0	0	0	0	0	0	0	0	0	0	0	0	0	0	0
"SD"	0	0	0	0	0	0	0	0	0	0	0	0	0	0	0	0	0	0	0	0	0	0	0	0	0	0	0	0	0	0
"Skew"	0	0	0	0	0	0	0	0	0	0	0	0	0	0	0	0	0	0	0	0	0	0	0	0	0	0	0	0	0	0
"Kurtosis"	-3	-3	-3	-3	-3	-3	-3	-3	-3	-3	-3	-3	-3	-3	-3	-3	-3	-3	-3	-3	-3	-3	-3	-3	-3	-3	-3	-3	-3	-3
"Energy"	429538050	385629716	367493665	397084064	397084064	379902542	369402723	329312505	342675911	326448918	281586055	287313229	285404171	245313953	249132069	221450728	177542394	164178988	150815582	158451814	140315763	141270292	118361596	125043299	120270654	121225183	125997828	102134603	116452538	104998190
"Uniformity"	1	1	1	1	1	1	1	1	1	1	1	1	1	1	1	1	1	1	1	1	1	1	1	1	1	1	1	1	1	1
"Entropy"	0	0	0	0	0	0	0	0	0	0	0	0	0	0	0	0	0	0	0	0	0	0	0	0	0	0	0	0	0	0
